 <pre>

 Contingency table for Rh2m (%)
 Selection: ALL   1061 stations
Period: 20230114-20230219
Used {00,03,...,21} + 00 01 ... 36
 Limits    30.0000000       50.0000000       65.0000000       75.0000000       85.0000000       95.0000000       100.000000    
 Each class is data <= limit, the very last > last limit
 Total number of values     2841462
                                              OBSERVATION
                                     96       59       20       13       16       21        0        0 |       225
                                   1292     5010     3813     2500     3204     1325       82        0 |     17226
                                    278    10637    45916    28546    21455    15074     1631        0 |    123537
                           REF       25     3253    48751    97584    79832    47056     7761        0 |    284262
                                      6     1098    23515   111211   285608   247869    38635        0 |    707942
                                      0      262     5783    38659   229194   703256   258335        0 |   1235489
                                      0       37      447     2452    19620   147458   302436        0 |    472450
                                      0        0        0        0        6       63      262        0 |       331

                    SUM            1697    20356   128245   280965   638935  1162122   609142        0 |   2841462
                                              OBSERVATION
                                     89       58       15        8       14       14        0        0 |       198
                                   1297     4956     3751     2425     2944     1226       73        0 |     16672
                                    278    10690    45983    28402    21124    14781     1516        0 |    122774
                           SEV       27     3240    48646    97621    79876    46766     7638        0 |    283814
                                      6     1092    23636   111237   285809   247844    38457        0 |    708081
                                      0      284     5773    38835   229516   703790   258278        0 |   1236476
                                      0       36      441     2437    19646   147638   302916        0 |    473114
                                      0        0        0        0        6       63      264        0 |       333

                    SUM            1697    20356   128245   280965   638935  1162122   609142        0 |   2841462

