 <pre>

 Contingency table for Rh2m (%)
 Selection: ALL   1061 stations
Period: 20230114-20230215
Used {00,06,12,18} + 00 01 ... 36
 Limits    30.0000000       50.0000000       65.0000000       75.0000000       85.0000000       95.0000000       100.000000    
 Each class is data <= limit, the very last > last limit
 Total number of values     2114433
                                              OBSERVATION
                                     66       33       14        9        8        7        0        0 |       137
                                   1091     3209     2839     2158     3168     1294       56        0 |     13815
                                    278     7504    29902    20720    17587    13116     1513        0 |     90620
                          x411       26     2458    35810    67309    61154    37983     6486        0 |    211226
                                      1      971    18344    84188   210059   190860    30857        0 |    535280
                                      0      230     4837    31117   177722   520990   194455        0 |    929351
                                      0       28      429     2056    15585   108762   207062        0 |    333922
                                      0        0        0        0        6       26       50        0 |        82

                    SUM            1462    14433    92175   207557   485289   873038   440479        0 |   2114433
                                              OBSERVATION
                                     63       35       14        8        4        5        0        0 |       129
                                   1093     3173     2834     2108     2974     1194       48        0 |     13424
                                    277     7547    29951    20637    17309    12850     1404        0 |     89975
                          x421       28     2433    35683    67236    61242    37769     6384        0 |    210775
                                      1      976    18421    84295   210092   190899    30711        0 |    535395
                                      0      240     4845    31219   178031   521417   194602        0 |    930354
                                      0       29      427     2054    15631   108877   207282        0 |    334300
                                      0        0        0        0        6       27       48        0 |        81

                    SUM            1462    14433    92175   207557   485289   873038   440479        0 |   2114433

