 <pre>

 Contingency table for Visibility (m)
 Selection: ALL    714 stations
Period: 20230114-20230215
Used {00,06,12,18} + 00 01 ... 36
 Limits    1000.00000       5000.00000       10000.0000       20000.0000    
 Each class is data <= limit, the very last > last limit
 Total number of values     1283780
                                     OBSERVATION
                                  12229    15066     6308     5892     4159 |     43654
                                  14559    70934    49379    58342    53486 |    246700
                          x411     5287    27897    40306    84214   123222 |    280926
                                   2278    11912    26057    78435   201903 |    320585
                                   3382    17508    36598   100336   234091 |    391915

                    SUM           37735   143317   158648   327219   616861 |   1283780
                                     OBSERVATION
                                  12325    15078     6353     5886     4107 |     43749
                                  14543    70855    49449    58508    53417 |    246772
                          x421     5220    27756    40017    83454   123136 |    279583
                                   2207    11673    25586    78200   201022 |    318688
                                   3440    17955    37243   101171   235179 |    394988

                    SUM           37735   143317   158648   327219   616861 |   1283780

