 <pre>

 Contingency table for Visibility (m)
 Selection: ALL    713 stations
Period: 20230114-20230206
Used {00,06,12,18} + 00 01 ... 36
 Limits    1000.00000       5000.00000       10000.0000       20000.0000    
 Each class is data <= limit, the very last > last limit
 Total number of values      943852
                                     OBSERVATION
                                   6751    10806     4244     3221     2229 |     27251
                                   9023    56034    36089    40379    37340 |    178865
                          x411     3170    21757    28866    59335    96156 |    209284
                                   1572     9466    17885    53148   153434 |    235505
                                   2454    13932    26017    70961   179583 |    292947

                    SUM           22970   111995   113101   227044   468742 |    943852
                                     OBSERVATION
                                   6862    10847     4296     3200     2145 |     27350
                                   9023    55952    36127    40571    37188 |    178861
                          x421     3087    21586    28511    58592    96267 |    208043
                                   1483     9202    17524    53093   152820 |    234122
                                   2515    14408    26643    71588   180322 |    295476

                    SUM           22970   111995   113101   227044   468742 |    943852

