 <pre>

 Contingency table for U10m (m/s)
 Selection: ALL   1011 stations
Period: 20230114-20230215
Used {00,06,12,18} + 00 01 ... 36
 Limits    1.50000000       3.29999995       5.50000000       8.00000000       10.8000002       13.8999996       24.5000000    
 Each class is data <= limit, the very last > last limit
 Total number of values     2005701
                                              OBSERVATION
                                 176844    59778     8256     1601      233       27        3        0 |    246742
                                 186412   287199    77529    10368     2751      470       28        0 |    564757
                                  34645   189528   235617    71831     9443     2619      176        0 |    543859
                          x411     4600    29674   114337   144244    47136     7196     1071        0 |    348258
                                    688     3631    15914    55489    71763    31536     4686        0 |    183707
                                     60      489     1891     6937    20129    34804    16950        4 |     81264
                                      8       26      124      627     2472     8601    24969      234 |     37061
                                      0        0        0        0        0        0       31       22 |        53

                    SUM          403257   570325   453668   291097   153927    85253    47914      260 |   2005701
                                              OBSERVATION
                                 176606    59311     8179     1611      239       26        2        0 |    245974
                                 186640   287607    77329    10349     2762      476       26        0 |    565189
                                  34579   189615   236035    72001     9486     2623      179        0 |    544518
                          x421     4674    29659   114245   144370    47096     7171     1080        0 |    348295
                                    692     3620    15862    55168    71736    31493     4618        0 |    183189
                                     59      484     1898     6977    20154    34928    16964        5 |     81469
                                      7       29      120      621     2454     8536    25008      232 |     37007
                                      0        0        0        0        0        0       37       23 |        60

                    SUM          403257   570325   453668   291097   153927    85253    47914      260 |   2005701

