 <pre>

 Contingency table for Visibility (m)
 Selection: ALL    714 stations
Period: 20230114-20230219
Used {00,03,...,21} + 00 01 ... 36
 Limits    1000.00000       5000.00000       10000.0000       20000.0000    
 Each class is data <= limit, the very last > last limit
 Total number of values     1732143
                                     OBSERVATION
                                  17791    22744     8532     7372     4952 |     61391
                                  19541   110227    70568    76518    66458 |    343312
                           REF     6505    38636    54894   107705   155048 |    362788
                                   2742    16146    34410    99657   250711 |    403666
                                   5213    28448    56589   145093   325643 |    560986

                    SUM           51792   216201   224993   436345   802812 |   1732143
                                     OBSERVATION
                                  17965    22815     8571     7363     4917 |     61631
                                  19492   110085    70782    76756    66425 |    343540
                           SEV     6456    38524    54650   107165   154671 |    361466
                                   2642    15852    33809    99235   249789 |    401327
                                   5237    28925    57181   145826   327010 |    564179

                    SUM           51792   216201   224993   436345   802812 |   1732143

