 <pre>

 Contingency table for Cloud cover (octas)
 Selection: ALL    603 stations
Period: 20230114-20230219
Used {00,03,...,21} + 01 02 ... 36
 Limits   0.500000000       1.50000000       2.50000000       3.50000000       4.50000000       5.50000000       6.50000000       7.50000000    
 Each class is data <= limit, the very last > last limit
 Total number of values     1244927
                                                       OBSERVATION
                                 105693     9196     5688     4239     3107     3542     3552     7711    23111 |    165839
                                  14780     2471     1821     1760     1317     1685     1818     4352     9281 |     39285
                                   8007     1501     1177     1124      897     1140     1235     3019     6774 |     24874
                                   6373     1277      900      976      723      897     1191     2718     6222 |     21277
                           REF     5697     1249      915      894      758      946     1138     2942     6588 |     21127
                                   5818     1286      953      970      802     1044     1280     3509     7724 |     23386
                                   7538     1593     1201     1210     1007     1339     1528     4551    10767 |     30734
                                  11505     2469     1819     1870     1669     2203     2794     8464    20752 |     53545
                                  53555    13587     9181    11567     9716    16061    20869   126566   603758 |    864860

                    SUM          218966    34629    23655    24610    19996    28857    35405   163832   694977 |   1244927
                                                       OBSERVATION
                                 105283     9090     5599     4233     3038     3514     3532     7494    22348 |    164131
                                  14795     2551     1808     1728     1391     1670     1801     4411     9210 |     39365
                                   7900     1520     1161     1125      870     1113     1276     3011     6815 |     24791
                                   6321     1262      958      932      698      937     1138     2711     6215 |     21172
                           SEV     5766     1171      901      888      755      994     1134     2957     6520 |     21086
                                   5852     1277      991      974      794     1011     1246     3475     7575 |     23195
                                   7642     1620     1157     1220     1009     1317     1581     4504    10625 |     30675
                                  11722     2481     1840     1836     1642     2242     2749     8372    20568 |     53452
                                  53685    13657     9240    11674     9799    16059    20948   126897   605101 |    867060

                    SUM          218966    34629    23655    24610    19996    28857    35405   163832   694977 |   1244927

