 <pre>

 Contingency table for Cloud cover (octas)
 Selection: ALL    603 stations
Period: 20230114-20230215
Used {00,06,12,18} + 01 02 ... 36
 Limits   0.500000000       1.50000000       2.50000000       3.50000000       4.50000000       5.50000000       6.50000000       7.50000000    
 Each class is data <= limit, the very last > last limit
 Total number of values      969508
                                                       OBSERVATION
                                  84117     7446     4533     3439     2478     2911     2860     6411    19268 |    133463
                                  12077     1968     1432     1377     1051     1311     1477     3593     7557 |     31843
                                   6471     1189      950      920      708      929      987     2443     5475 |     20072
                                   5212     1022      701      774      562      706      957     2179     5015 |     17128
                          x411     4702      997      732      718      592      746      914     2370     5292 |     17063
                                   4747     1071      767      783      649      834     1028     2794     6238 |     18911
                                   6247     1304      962      963      807     1086     1217     3572     8586 |     24744
                                   9581     2002     1446     1527     1333     1768     2212     6689    16389 |     42947
                                  43946    11112     7481     9371     7876    12805    16405    98089   456252 |    663337

                    SUM          177100    28111    19004    19872    16056    23096    28057   128140   530072 |    969508
                                                       OBSERVATION
                                  83880     7373     4464     3430     2446     2881     2855     6268    18645 |    132242
                                  12032     2049     1443     1372     1106     1323     1458     3604     7518 |     31905
                                   6466     1181      909      902      704      884     1033     2456     5537 |     20072
                                   5175     1002      767      735      531      745      922     2158     4986 |     17021
                          x421     4732      965      689      704      596      778      897     2392     5185 |     16938
                                   4818     1048      804      780      630      814      974     2759     6054 |     18681
                                   6297     1312      920      984      801     1070     1254     3544     8542 |     24724
                                   9710     1995     1463     1488     1320     1806     2200     6611    16221 |     42814
                                  43990    11186     7545     9477     7922    12795    16464    98348   457384 |    665111

                    SUM          177100    28111    19004    19872    16056    23096    28057   128140   530072 |    969508

