 <pre>

 Contingency table for Rh2m (%)
 Selection: ALL   1061 stations
Period: 20230114-20230219
Used {00,06,12,18} + 00 01 ... 36
 Limits    30.0000000       50.0000000       65.0000000       75.0000000       85.0000000       95.0000000       100.000000    
 Each class is data <= limit, the very last > last limit
 Total number of values     2322453
                                              OBSERVATION
                                     66       33       14        9        6        7        0        0 |       135
                                   1088     3510     2962     2172     3116     1210       51        0 |     14109
                                    277     8563    34325    23321    18568    13539     1527        0 |    100120
                          x411       26     2790    39771    74991    65959    40203     6746        0 |    230486
                                      3     1043    20229    92067   225198   205138    32713        0 |    576391
                                      0      229     5152    33611   192481   565141   216086        0 |   1012700
                                      0       29      451     2194    17379   123719   244459        0 |    388231
                                      0        0        0        0        6       58      217        0 |       281

                    SUM            1460    16197   102904   228365   522713   949015   501799        0 |   2322453
                                              OBSERVATION
                                     65       35       14        8        4        5        0        0 |       131
                                   1088     3465     2971     2121     2940     1108       44        0 |     13737
                                    275     8543    34335    23100    18162    13148     1411        0 |     98974
                          x421       29     2806    39365    74804    65892    39625     6470        0 |    228991
                                      3     1067    20551    92198   224414   203739    32103        0 |    574075
                                      0      247     5209    33911   193552   564904   213677        0 |   1011500
                                      0       34      459     2223    17743   126425   247863        0 |    394747
                                      0        0        0        0        6       61      231        0 |       298

                    SUM            1460    16197   102904   228365   522713   949015   501799        0 |   2322453

