 <pre>

 Contingency table for Cloud cover (octas)
 Selection: ALL    603 stations
Period: 20230114-20230219
Used {00,06,12,18} + 01 02 ... 36
 Limits   0.500000000       1.50000000       2.50000000       3.50000000       4.50000000       5.50000000       6.50000000       7.50000000    
 Each class is data <= limit, the very last > last limit
 Total number of values     1066156
                                                       OBSERVATION
                                  89467     7803     4817     3600     2606     3014     3030     6538    19834 |    140709
                                  12660     2066     1529     1448     1118     1392     1538     3685     7842 |     33278
                                   6798     1258     1005      962      747      969     1047     2531     5713 |     21030
                                   5458     1071      749      823      599      752     1013     2267     5244 |     17976
                          x411     4919     1051      777      757      632      789      962     2470     5540 |     17897
                                   4991     1126      808      829      684      879     1091     2914     6518 |     19840
                                   6510     1362     1028     1018      855     1140     1289     3775     9015 |     25992
                                   9977     2097     1543     1606     1412     1859     2371     7076    17261 |     45202
                                  46603    11725     7988     9998     8439    13794    17949   108727   519009 |    744232

                    SUM          187383    29559    20244    21041    17092    24588    30290   139983   595976 |   1066156
                                                       OBSERVATION
                                  88296     7626     4693     3510     2496     2924     2918     6166    18663 |    137292
                                  12683     2109     1531     1419     1145     1391     1522     3601     7581 |     32982
                                   6920     1260      943      968      750      934     1062     2494     5683 |     21014
                                   5445     1049      805      787      589      792      974     2261     5094 |     17796
                          x421     5091     1039      735      778      614      808      940     2459     5323 |     17787
                                   4998     1092      842      824      684      863     1047     2908     6275 |     19533
                                   6584     1386      989     1032      863     1105     1358     3726     8836 |     25879
                                  10139     2108     1573     1616     1420     1892     2359     6931    16908 |     44946
                                  47227    11890     8133    10107     8531    13879    18110   109437   521613 |    748927

                    SUM          187383    29559    20244    21041    17092    24588    30290   139983   595976 |   1066156

