 <pre>

 Contingency table for U10m (m/s)
 Selection: ALL   1011 stations
Period: 20230114-20230219
Used {00,03,...,21} + 00 01 ... 36
 Limits    1.50000000       3.29999995       5.50000000       8.00000000       10.8000002       13.8999996       24.5000000    
 Each class is data <= limit, the very last > last limit
 Total number of values     2701005
                                              OBSERVATION
                                 229156    76501    10593     2098      309       45        4        0 |    318706
                                 243752   381923   102757    13850     3663      600       39        0 |    746584
                                  45213   258169   324384    98246    12561     3383      226        1 |    742183
                           REF     5943    40417   158120   200875    64122     9289     1326        0 |    480092
                                    851     4778    21928    76809    99441    42466     6049        2 |    252324
                                     79      613     2523     9341    27416    47840    22965        7 |    110784
                                     10       41      148      847     3250    11531    34109      315 |     50251
                                      0        0        0        0        0        0       49       32 |        81

                    SUM          525004   762442   620453   402066   210762   115154    64767      357 |   2701005
                                              OBSERVATION
                                 228858    75946    10542     2102      318       46        4        0 |    317816
                                 244029   382572   102492    13822     3681      609       33        0 |    747238
                                  45162   258089   324866    98416    12616     3382      226        1 |    742758
                           SEV     6002    40406   158018   200939    64117     9232     1332        0 |    480046
                                    870     4775    21871    76587    99316    42465     5994        2 |    251880
                                     75      611     2518     9364    27482    47897    22997        7 |    110951
                                      8       43      146      836     3232    11523    34125      315 |     50228
                                      0        0        0        0        0        0       56       32 |        88

                    SUM          525004   762442   620453   402066   210762   115154    64767      357 |   2701005

