 <pre>

 Contingency table for Cloud cover (octas)
 Selection: ALL    602 stations
Period: 20230114-20230206
Used {00,06,12,18} + 01 02 ... 36
 Limits   0.500000000       1.50000000       2.50000000       3.50000000       4.50000000       5.50000000       6.50000000       7.50000000    
 Each class is data <= limit, the very last > last limit
 Total number of values      711858
                                                       OBSERVATION
                                  53958     4813     2901     2426     1818     2137     2068     5088    15876 |     91085
                                   7727     1434      969     1073      819     1015     1089     2947     6196 |     23269
                                   4105      839      671      694      552      721      732     2006     4459 |     14779
                                   3301      732      484      603      436      527      737     1781     4048 |     12649
                          x411     2950      730      508      549      471      592      708     1934     4326 |     12768
                                   2879      783      544      590      516      651      791     2321     5160 |     14235
                                   3638      892      636      678      584      842      896     2962     6936 |     18064
                                   5376     1378      991     1115     1016     1362     1595     5400    13174 |     31407
                                  22164     6928     4789     6317     5574     9224    11889    75401   351316 |    493602

                    SUM          106098    18529    12493    14045    11786    17071    20505    99840   411491 |    711858
                                                       OBSERVATION
                                  53674     4752     2871     2417     1793     2091     2048     4959    15267 |     89872
                                   7726     1515      969     1068      849     1066     1112     2967     6108 |     23380
                                   4075      843      635      685      569      682      742     2026     4535 |     14792
                                   3245      700      534      565      404      572      714     1750     4058 |     12542
                          x421     3004      699      470      549      478      590      676     1943     4224 |     12633
                                   2935      768      565      586      493      654      764     2300     4943 |     14008
                                   3668      916      604      704      612      820      935     2912     6923 |     18094
                                   5455     1350     1003     1064      983     1408     1599     5359    13028 |     31249
                                  22316     6986     4842     6407     5605     9188    11915    75624   352405 |    495288

                    SUM          106098    18529    12493    14045    11786    17071    20505    99840   411491 |    711858

