 <pre>

 Contingency table for U10m (m/s)
 Selection: ALL   1011 stations
Period: 20230114-20230219
Used {00,06,12,18} + 00 01 ... 36
 Limits    1.50000000       3.29999995       5.50000000       8.00000000       10.8000002       13.8999996       24.5000000    
 Each class is data <= limit, the very last > last limit
 Total number of values     2205506
                                              OBSERVATION
                                 185644    62787     8811     1767      263       39        4        0 |    259315
                                 199226   310881    84927    11518     3010      513       37        0 |    610112
                                  37940   210010   264319    81177    10575     2839      203        0 |    607063
                          x411     5116    33239   127855   162882    53111     7819     1152        0 |    391174
                                    759     3977    17933    62230    80438    34953     5090        0 |    205380
                                     72      526     2104     7753    22483    38733    19018        4 |     90693
                                     10       30      130      757     2777     9608    28112      275 |     41699
                                      0        0        0        0        0        0       42       28 |        70

                    SUM          428767   621450   506079   328084   172657    94504    53658      307 |   2205506
                                              OBSERVATION
                                 185113    62113     8740     1739      265       34        2        0 |    258006
                                 199647   311277    84618    11549     3006      511       35        0 |    610643
                                  37983   210218   264450    81082    10575     2830      197        0 |    607335
                          x421     5163    33292   128068   163068    52946     7765     1176        0 |    391478
                                    776     3997    17935    62081    80462    34838     4998        0 |    205087
                                     77      520     2143     7788    22642    38918    19033        5 |     91126
                                      8       33      125      777     2761     9608    28172      274 |     41758
                                      0        0        0        0        0        0       45       28 |        73

                    SUM          428767   621450   506079   328084   172657    94504    53658      307 |   2205506

