 <pre>

 Contingency table for Visibility (m)
 Selection: ALL    714 stations
Period: 20230114-20230219
Used {00,06,12,18} + 00 01 ... 36
 Limits    1000.00000       5000.00000       10000.0000       20000.0000    
 Each class is data <= limit, the very last > last limit
 Total number of values     1411276
                                     OBSERVATION
                                  14729    19175     7184     6252     4337 |     51677
                                  16494    91521    59948    65727    58007 |    291697
                          x411     5573    31722    46012    91690   131477 |    306474
                                   2383    13332    28994    84699   212765 |    342173
                                   3589    19411    40032   107278   248945 |    419255

                    SUM           42768   175161   182170   355646   655531 |   1411276
                                     OBSERVATION
                                  15044    19571     7337     6202     4489 |     52643
                                  16517    92071    60732    66899    58984 |    295203
                          x421     5342    31169    45478    90761   131899 |    304649
                                   2298    12783    28290    84096   211109 |    338576
                                   3567    19567    40333   107688   249050 |    420205

                    SUM           42768   175161   182170   355646   655531 |   1411276

