 <pre>

 Contingency table for Rh2m (%)
 Selection: ALL   1061 stations
Period: 20230114-20230206
Used {00,06,12,18} + 00 01 ... 36
 Limits    30.0000000       50.0000000       65.0000000       75.0000000       85.0000000       95.0000000       100.000000    
 Each class is data <= limit, the very last > last limit
 Total number of values     1561285
                                              OBSERVATION
                                     45       32       14        9        6        7        0        0 |       113
                                    912     2210     2306     2031     3034     1137       46        0 |     11676
                                    137     3736    18128    15845    14936    11125     1169        0 |     65076
                          x411       14     1185    20396    47987    48465    31508     5157        0 |    154712
                                      0      370     9264    53958   159038   160581    24964        0 |    408175
                                      0      137     2247    16061   117796   407855   154679        0 |    698775
                                      0       23      319      823     7506    69131   144884        0 |    222686
                                      0        0        0        0        6       24       42        0 |        72

                    SUM            1108     7693    52674   136714   350787   681368   330941        0 |   1561285
                                              OBSERVATION
                                     45       34       14        8        4        5        0        0 |       110
                                    913     2179     2282     1983     2846     1031       41        0 |     11275
                                    133     3765    18181    15734    14664    10843     1058        0 |     64378
                          x421       17     1170    20247    47873    48532    31232     5050        0 |    154121
                                      0      376     9383    54177   159027   160638    24795        0 |    408396
                                      0      146     2250    16120   118189   408432   154867        0 |    700004
                                      0       23      317      819     7519    69163   145090        0 |    222931
                                      0        0        0        0        6       24       40        0 |        70

                    SUM            1108     7693    52674   136714   350787   681368   330941        0 |   1561285

